  0.009  0.128  -7.28 -11.13 -14.31 -17.05 -19.56 -21.99 -24.50 -27.20 -30.14 -33.33 -36.73 -40.27 -43.87 -47.47 -51.03 -54.51 -58.03 -61.50 -64.85 -68.03 -70.96 -73.71 -76.13 -77.92 -78.97 -79.50 -79.75 -79.86 -79.95 -79.95 -79.95 -79.95 -79.95 -79.95 -79.95 -79.95 -79.95 -79.95 -79.95 -79.95
  0.018  0.255  -7.08 -11.00 -14.22 -16.98 -19.51 -21.95 -24.47 -27.17 -30.11 -33.30 -36.70 -40.23 -43.83 -47.42 -50.97 -54.44 -57.94 -61.38 -64.70 -67.84 -70.74 -73.46 -75.88 -77.71 -78.83 -79.41 -79.70 -79.83 -79.94 -79.94 -79.94 -79.94 -79.95 -79.95 -79.95 -79.95 -79.95 -79.95 -79.95 -79.95
  0.027  0.383  -6.75 -10.77 -14.06 -16.87 -19.42 -21.88 -24.41 -27.11 -30.06 -33.25 -36.65 -40.18 -43.76 -47.34 -50.87 -54.31 -57.78 -61.19 -64.45 -67.54 -70.38 -73.05 -75.48 -77.37 -78.57 -79.25 -79.59 -79.77 -79.93 -79.94 -79.94 -79.94 -79.94 -79.94 -79.94 -79.95 -79.95 -79.95 -79.95 -79.95
  0.036  0.510  -6.29 -10.46 -13.84 -16.71 -19.29 -21.78 -24.32 -27.04 -29.99 -33.18 -36.58 -40.09 -43.67 -47.23 -50.73 -54.14 -57.56 -60.92 -64.12 -67.13 -69.89 -72.50 -74.92 -76.88 -78.20 -78.99 -79.43 -79.66 -79.91 -79.92 -79.93 -79.93 -79.94 -79.94 -79.94 -79.94 -79.94 -79.94 -79.95 -79.95
  0.045  0.637  -5.69 -10.05 -13.55 -16.50 -19.13 -21.65 -24.22 -26.94 -29.90 -33.09 -36.48 -39.99 -43.55 -47.09 -50.56 -53.93 -57.29 -60.58 -63.70 -66.63 -69.30 -71.84 -74.23 -76.24 -77.69 -78.62 -79.17 -79.50 -79.85 -79.88 -79.90 -79.92 -79.92 -79.93 -79.94 -79.94 -79.94 -79.94 -79.94 -79.94
  0.054  0.765  -4.97  -9.53 -13.20 -16.24 -18.94 -21.49 -24.08 -26.83 -29.79 -32.98 -36.37 -39.86 -43.40 -46.91 -50.35 -53.67 -56.97 -60.19 -63.22 -66.05 -68.62 -71.07 -73.43 -75.49 -77.05 -78.12 -78.81 -79.25 -79.76 -79.82 -79.86 -79.88 -79.90 -79.92 -79.92 -79.93 -79.94 -79.94 -79.94 -79.94
  0.063  0.892  -4.12  -8.92 -12.77 -15.93 -18.70 -21.31 -23.92 -26.69 -29.66 -32.85 -36.23 -39.71 -43.23 -46.71 -50.10 -53.37 -56.61 -59.74 -62.68 -65.40 -67.87 -70.23 -72.54 -74.63 -76.28 -77.50 -78.34 -78.91 -79.60 -79.71 -79.78 -79.83 -79.87 -79.89 -79.91 -79.92 -79.93 -79.94 -79.94 -79.94
  0.072  1.020  -3.19  -8.19 -12.26 -15.57 -18.42 -21.08 -23.74 -26.52 -29.51 -32.70 -36.07 -39.54 -43.03 -46.48 -49.83 -53.03 -56.20 -59.25 -62.09 -64.71 -67.07 -69.34 -71.60 -73.69 -75.42 -76.76 -77.75 -78.46 -79.37 -79.55 -79.67 -79.75 -79.81 -79.85 -79.88 -79.91 -79.92 -79.93 -79.93 -79.94
  0.081  1.147  -2.23  -7.34 -11.67 -15.14 -18.10 -20.83 -23.53 -26.34 -29.33 -32.53 -35.89 -39.35 -42.81 -46.22 -49.52 -52.66 -55.76 -58.72 -61.47 -63.98 -66.24 -68.42 -70.61 -72.70 -74.48 -75.92 -77.05 -77.91 -79.06 -79.33 -79.51 -79.64 -79.73 -79.79 -79.84 -79.89 -79.91 -79.92 -79.93 -79.93
  0.090  1.275  -1.34  -6.37 -10.99 -14.66 -17.74 -20.54 -23.29 -26.13 -29.14 -32.34 -35.70 -39.13 -42.57 -45.94 -49.18 -52.27 -55.28 -58.16 -60.81 -63.23 -65.39 -67.48 -69.62 -71.68 -73.50 -75.02 -76.26 -77.26 -78.65 -79.03 -79.30 -79.48 -79.62 -79.71 -79.78 -79.86 -79.88 -79.90 -79.92 -79.93
  0.099  1.403  -0.65  -5.30 -10.22 -14.11 -17.33 -20.22 -23.02 -25.89 -28.92 -32.13 -35.48 -38.89 -42.30 -45.63 -48.82 -51.84 -54.78 -57.57 -60.13 -62.46 -64.53 -66.54 -68.62 -70.66 -72.49 -74.07 -75.41 -76.53 -78.16 -78.66 -79.02 -79.28 -79.47 -79.61 -79.71 -79.81 -79.86 -79.88 -79.90 -79.92
  0.108  1.530  -0.23  -4.14  -9.34 -13.48 -16.87 -19.86 -22.72 -25.63 -28.69 -31.90 -35.24 -38.64 -42.01 -45.30 -48.44 -51.39 -54.26 -56.97 -59.44 -61.68 -63.67 -65.61 -67.62 -69.64 -71.47 -73.10 -74.51 -75.74 -77.58 -78.21 -78.68 -79.03 -79.29 -79.47 -79.61 -79.76 -79.82 -79.86 -79.88 -79.90
  0.117  1.657  -0.06  -2.96  -8.35 -12.78 -16.35 -19.46 -22.40 -25.35 -28.43 -31.65 -34.98 -38.36 -41.71 -44.95 -48.04 -50.93 -53.72 -56.35 -58.74 -60.89 -62.81 -64.68 -66.65 -68.63 -70.47 -72.12 -73.59 -74.91 -76.93 -77.70 -78.28 -78.73 -79.06 -79.31 -79.49 -79.69 -79.77 -79.82 -79.86 -79.89
  0.126  1.785  -0.05  -1.86  -7.25 -12.00 -15.78 -19.02 -22.03 -25.04 -28.14 -31.37 -34.70 -38.06 -41.38 -44.58 -47.62 -50.44 -53.17 -55.72 -58.03 -60.11 -61.96 -63.77 -65.69 -67.65 -69.48 -71.15 -72.66 -74.05 -76.22 -77.12 -77.82 -78.37 -78.79 -79.10 -79.34 -79.60 -79.71 -79.78 -79.83 -79.87
  0.135  1.913  -0.03  -0.96  -6.04 -11.12 -15.14 -18.53 -21.64 -24.70 -27.83 -31.08 -34.40 -37.75 -41.03 -44.19 -47.17 -49.94 -52.60 -55.08 -57.33 -59.34 -61.12 -62.88 -64.76 -66.70 -68.52 -70.19 -71.74 -73.18 -75.48 -76.50 -77.31 -77.96 -78.47 -78.86 -79.17 -79.50 -79.64 -79.73 -79.80 -79.84
  0.144  2.040   0.02  -0.38  -4.75 -10.15 -14.44 -17.99 -21.21 -24.33 -27.50 -30.76 -34.08 -37.41 -40.67 -43.79 -46.72 -49.43 -52.02 -54.44 -56.62 -58.57 -60.30 -62.01 -63.86 -65.77 -67.58 -69.26 -70.83 -72.31 -74.71 -75.83 -76.75 -77.50 -78.11 -78.58 -78.96 -79.37 -79.55 -79.67 -79.75 -79.81
  0.153  2.167  -0.03  -0.12  -3.44  -9.06 -13.66 -17.41 -20.74 -23.94 -27.15 -30.42 -33.75 -37.06 -40.28 -43.36 -46.25 -48.90 -51.44 -53.79 -55.92 -57.81 -59.49 -61.17 -62.98 -64.87 -66.67 -68.35 -69.93 -71.45 -73.93 -75.14 -76.15 -77.01 -77.70 -78.26 -78.71 -79.22 -79.44 -79.59 -79.70 -79.77
  0.163  2.295  -0.62  -0.04  -2.20  -7.87 -12.80 -16.76 -20.23 -23.51 -26.76 -30.06 -33.39 -36.68 -39.88 -42.93 -45.77 -48.37 -50.85 -53.15 -55.22 -57.07 -58.71 -60.34 -62.12 -63.99 -65.78 -67.47 -69.06 -70.61 -73.14 -74.43 -75.53 -76.47 -77.26 -77.91 -78.44 -79.05 -79.32 -79.50 -79.63 -79.73
  0.172  2.422  -2.24  -0.02  -1.18  -6.57 -11.84 -16.06 -19.67 -23.04 -26.35 -29.67 -33.01 -36.29 -39.47 -42.48 -45.27 -47.83 -50.26 -52.51 -54.53 -56.33 -57.93 -59.54 -61.30 -63.15 -64.93 -66.61 -68.22 -69.78 -72.35 -73.71 -74.89 -75.92 -76.79 -77.52 -78.13 -78.85 -79.18 -79.40 -79.56 -79.67
  0.181  2.550  -4.78   0.01  -0.50  -5.19 -10.79 -15.28 -19.07 -22.54 -25.91 -29.27 -32.60 -35.88 -39.03 -42.01 -44.77 -47.28 -49.66 -51.87 -53.84 -55.61 -57.18 -58.75 -60.49 -62.33 -64.10 -65.78 -67.39 -68.97 -71.58 -72.99 -74.23 -75.34 -76.29 -77.11 -77.80 -78.63 -79.01 -79.28 -79.47 -79.61
  0.191  2.678  -7.67  -0.06  -0.17  -3.78  -9.64 -14.44 -18.42 -22.01 -25.44 -28.83 -32.18 -35.45 -38.59 -41.53 -44.25 -46.72 -49.06 -51.23 -53.17 -54.90 -56.44 -57.99 -59.71 -61.53 -63.30 -64.98 -66.59 -68.19 -70.81 -72.27 -73.57 -74.74 -75.77 -76.66 -77.43 -78.38 -78.83 -79.15 -79.38 -79.54
  0.200  2.805 -10.52  -0.60  -0.06  -2.45  -8.37 -13.51 -17.71 -21.43 -24.94 -28.37 -31.74 -35.01 -38.12 -41.04 -43.73 -46.16 -48.47 -50.59 -52.50 -54.20 -55.72 -57.25 -58.95 -60.76 -62.52 -64.20 -65.82 -67.42 -70.06 -71.56 -72.91 -74.14 -75.23 -76.20 -77.04 -78.11 -78.63 -78.99 -79.26 -79.46
  0.210  2.933 -13.20  -2.04  -0.02  -1.34  -7.00 -12.49 -16.94 -20.81 -24.41 -27.89 -31.27 -34.54 -37.65 -40.54 -43.20 -45.60 -47.87 -49.96 -51.84 -53.52 -55.01 -56.52 -58.21 -60.01 -61.77 -63.44 -65.07 -66.67 -69.33 -70.86 -72.25 -73.53 -74.68 -75.71 -76.63 -77.82 -78.40 -78.82 -79.14 -79.36
  0.219  3.060 -15.67  -4.34   0.01  -0.60  -5.54 -11.38 -16.11 -20.14 -23.84 -27.38 -30.79 -34.06 -37.15 -40.03 -42.66 -45.03 -47.27 -49.34 -51.19 -52.84 -54.32 -55.82 -57.49 -59.29 -61.04 -62.71 -64.33 -65.95 -68.61 -70.17 -71.60 -72.92 -74.12 -75.21 -76.20 -77.50 -78.15 -78.64 -78.99 -79.26
  0.229  3.188 -17.95  -7.02  -0.06  -0.22  -4.06 -10.16 -15.20 -19.42 -23.24 -26.83 -30.28 -33.56 -36.65 -39.51 -42.11 -44.46 -46.67 -48.71 -50.54 -52.18 -53.64 -55.12 -56.79 -58.58 -60.32 -62.00 -63.62 -65.24 -67.91 -69.50 -70.95 -72.31 -73.56 -74.71 -75.76 -77.17 -77.89 -78.43 -78.84 -79.14
  0.238  3.315 -20.07  -9.73  -0.58  -0.08  -2.66  -8.83 -14.20 -18.65 -22.59 -26.26 -29.74 -33.04 -36.12 -38.97 -41.56 -43.89 -46.08 -48.10 -49.91 -51.53 -52.97 -54.45 -56.11 -57.89 -59.63 -61.31 -62.93 -64.56 -67.23 -68.84 -70.32 -71.70 -73.00 -74.19 -75.30 -76.81 -77.60 -78.20 -78.67 -79.01
  0.248  3.442 -22.05 -12.29  -1.93  -0.02  -1.49  -7.39 -13.13 -17.82 -21.91 -25.66 -29.18 -32.50 -35.59 -38.43 -41.00 -43.31 -45.48 -47.48 -49.28 -50.89 -52.32 -53.79 -55.44 -57.22 -58.96 -60.63 -62.26 -63.89 -66.56 -68.19 -69.69 -71.10 -72.43 -73.67 -74.83 -76.44 -77.30 -77.96 -78.48 -78.87
  0.258  3.570 -23.90 -14.67  -4.09   0.02  -0.70  -5.87 -11.95 -16.92 -21.17 -25.02 -28.60 -31.94 -35.03 -37.87 -40.44 -42.73 -44.89 -46.87 -48.66 -50.25 -51.68 -53.14 -54.79 -56.57 -58.30 -59.98 -61.61 -63.24 -65.91 -67.55 -69.07 -70.51 -71.87 -73.14 -74.35 -76.06 -76.98 -77.70 -78.27 -78.71
  0.268  3.697 -25.65 -16.88  -6.65  -0.05  -0.28  -4.32 -10.66 -15.94 -20.39 -24.35 -27.99 -31.36 -34.47 -37.30 -39.86 -42.15 -44.29 -46.27 -48.04 -49.63 -51.05 -52.51 -54.15 -55.93 -57.67 -59.34 -60.97 -62.61 -65.28 -66.93 -68.47 -69.93 -71.31 -72.62 -73.87 -75.66 -76.64 -77.43 -78.06 -78.54
  0.278  3.825 -27.30 -18.93  -9.25  -0.56  -0.11  -2.86  -9.27 -14.89 -19.55 -23.63 -27.35 -30.76 -33.88 -36.73 -39.28 -41.56 -43.70 -45.67 -47.43 -49.02 -50.43 -51.88 -53.53 -55.30 -57.04 -58.71 -60.35 -61.99 -64.66 -66.32 -67.87 -69.35 -70.76 -72.10 -73.39 -75.25 -76.30 -77.14 -77.82 -78.36
  0.287  3.953 -28.87 -20.84 -11.73  -1.86  -0.03  -1.64  -7.77 -13.75 -18.65 -22.88 -26.68 -30.13 -33.29 -36.14 -38.70 -40.97 -43.10 -45.07 -46.83 -48.41 -49.82 -51.27 -52.92 -54.69 -56.43 -58.11 -59.74 -61.38 -64.05 -65.73 -67.29 -68.78 -70.21 -71.58 -72.90 -74.84 -75.94 -76.84 -77.57 -78.16
  0.298  4.080 -30.37 -22.63 -14.04  -3.93   0.04  -0.80  -6.19 -12.51 -17.69 -22.08 -25.97 -29.49 -32.67 -35.54 -38.10 -40.38 -42.51 -44.47 -46.23 -47.81 -49.22 -50.67 -52.32 -54.09 -55.83 -57.51 -59.15 -60.79 -63.46 -65.14 -66.72 -68.23 -69.67 -71.06 -72.41 -74.41 -75.57 -76.52 -77.31 -77.95
  0.308  4.207 -31.80 -24.32 -16.19  -6.40  -0.02  -0.35  -4.58 -11.16 -16.65 -21.23 -25.24 -28.82 -32.04 -34.92 -37.50 -39.78 -41.92 -43.88 -45.64 -47.22 -48.63 -50.08 -51.73 -53.51 -55.25 -56.93 -58.57 -60.21 -62.88 -64.57 -66.15 -67.68 -69.14 -70.55 -71.93 -73.98 -75.19 -76.19 -77.04 -77.73
  0.318  4.335 -33.18 -25.92 -18.18  -8.92  -0.52  -0.14  -3.07  -9.71 -15.53 -20.33 -24.46 -28.12 -31.38 -34.30 -36.89 -39.18 -41.32 -43.29 -45.05 -46.63 -48.04 -49.50 -51.15 -52.93 -54.67 -56.36 -58.00 -59.65 -62.31 -64.01 -65.60 -67.14 -68.61 -70.04 -71.44 -73.55 -74.80 -75.86 -76.75 -77.49
  0.328  4.463 -34.50 -27.44 -20.04 -11.34  -1.79  -0.03  -1.80  -8.14 -14.33 -19.37 -23.65 -27.39 -30.71 -33.66 -36.27 -38.58 -40.73 -42.70 -44.46 -46.05 -47.47 -48.93 -50.58 -52.36 -54.11 -55.80 -57.44 -59.09 -61.76 -63.46 -65.06 -66.60 -68.09 -69.53 -70.96 -73.12 -74.41 -75.51 -76.45 -77.25
  0.338  4.590 -35.78 -28.89 -21.79 -13.59  -3.81   0.06  -0.92  -6.50 -13.02 -18.35 -22.79 -26.64 -30.02 -33.01 -35.65 -37.97 -40.13 -42.11 -43.88 -45.47 -46.90 -48.36 -50.02 -51.81 -53.56 -55.25 -56.89 -58.55 -61.21 -62.92 -64.53 -66.08 -67.58 -69.04 -70.48 -72.68 -74.01 -75.15 -76.15 -76.99
  0.349  4.718 -37.01 -30.28 -23.43 -15.68  -6.21   0.02  -0.42  -4.84 -11.62 -17.25 -21.89 -25.85 -29.30 -32.34 -35.01 -37.35 -39.53 -41.52 -43.30 -44.90 -46.33 -47.80 -49.47 -51.26 -53.01 -54.71 -56.36 -58.02 -60.68 -62.39 -64.01 -65.57 -67.07 -68.54 -70.00 -72.24 -73.61 -74.79 -75.83 -76.72
  0.360  4.845 -38.21 -31.60 -24.98 -17.62  -8.66  -0.47  -0.18  -3.27 -10.10 -16.08 -20.93 -25.03 -28.56 -31.65 -34.36 -36.73 -38.93 -40.93 -42.72 -44.33 -45.77 -47.25 -48.92 -50.72 -52.48 -54.17 -55.83 -57.49 -60.15 -61.87 -63.49 -65.06 -66.58 -68.06 -69.53 -71.81 -73.20 -74.42 -75.50 -76.44
  0.370  4.973 -39.36 -32.88 -26.45 -19.43 -11.01  -1.71  -0.03  -1.95  -8.48 -14.81 -19.92 -24.17 -27.80 -30.95 -33.70 -36.11 -38.32 -40.34 -42.15 -43.77 -45.22 -46.71 -48.38 -50.19 -51.95 -53.65 -55.31 -56.98 -59.63 -61.36 -62.99 -64.56 -66.09 -67.58 -69.07 -71.37 -72.79 -74.05 -75.17 -76.15
  0.381  5.100 -40.49 -34.11 -27.86 -21.13 -13.21  -3.69   0.09  -1.03  -6.78 -13.45 -18.84 -23.26 -27.01 -30.23 -33.03 -35.47 -37.71 -39.75 -41.57 -43.21 -44.67 -46.16 -47.85 -49.66 -51.43 -53.14 -54.80 -56.47 -59.13 -60.86 -62.49 -64.07 -65.60 -67.10 -68.60 -70.94 -72.39 -73.67 -74.83 -75.85
  0.392  5.228 -41.58 -35.31 -29.20 -22.73 -15.25  -6.03   0.07  -0.50  -5.06 -11.99 -17.70 -22.32 -26.19 -29.49 -32.35 -34.83 -37.09 -39.16 -41.00 -42.65 -44.12 -45.63 -47.32 -49.14 -50.92 -52.63 -54.30 -55.97 -58.63 -60.36 -62.00 -63.58 -65.12 -66.63 -68.15 -70.50 -71.98 -73.29 -74.49 -75.54
  0.403  5.355 -42.65 -36.46 -30.49 -24.23 -17.14  -8.43  -0.40  -0.22  -3.45 -10.42 -16.47 -21.32 -25.33 -28.73 -31.65 -34.17 -36.47 -38.56 -40.42 -42.09 -43.58 -45.10 -46.80 -48.63 -50.41 -52.13 -53.80 -55.48 -58.13 -59.87 -61.52 -63.11 -64.65 -66.17 -67.69 -70.07 -71.57 -72.91 -74.14 -75.23
  0.414  5.482 -43.69 -37.58 -31.72 -25.66 -18.90 -10.72  -1.63  -0.02  -2.09  -8.75 -15.16 -20.27 -24.44 -27.94 -30.93 -33.51 -35.85 -37.96 -39.85 -41.53 -43.04 -44.57 -46.28 -48.12 -49.91 -51.63 -53.31 -54.99 -57.65 -59.39 -61.04 -62.63 -64.19 -65.71 -67.24 -69.64 -71.16 -72.53 -73.78 -74.91
  0.425  5.610 -44.71 -38.66 -32.92 -27.03 -20.55 -12.86  -3.57   0.14  -1.13  -7.00 -13.76 -19.15 -23.51 -27.13 -30.20 -32.83 -35.21 -37.36 -39.27 -40.97 -42.50 -44.04 -45.77 -47.62 -49.42 -51.15 -52.83 -54.52 -57.17 -58.92 -60.57 -62.17 -63.73 -65.26 -66.80 -69.21 -70.75 -72.14 -73.42 -74.58
  0.436  5.737 -45.70 -39.72 -34.07 -28.33 -22.10 -14.84  -5.86   0.14  -0.57  -5.24 -12.25 -17.97 -22.53 -26.29 -29.45 -32.15 -34.57 -36.75 -38.69 -40.42 -41.96 -43.52 -45.26 -47.12 -48.93 -50.66 -52.35 -54.04 -56.69 -58.45 -60.10 -61.71 -63.27 -64.81 -66.36 -68.79 -70.34 -71.75 -73.06 -74.25
  0.448  5.865 -46.68 -40.75 -35.18 -29.57 -23.56 -16.68  -8.20  -0.32  -0.25  -3.58 -10.64 -16.71 -21.51 -25.41 -28.68 -31.45 -33.92 -36.14 -38.11 -39.86 -41.42 -43.00 -44.76 -46.62 -48.44 -50.19 -51.88 -53.58 -56.23 -57.99 -59.65 -61.26 -62.82 -64.36 -65.92 -68.37 -69.93 -71.37 -72.70 -73.92
  0.460  5.992 -47.63 -41.75 -36.26 -30.77 -24.95 -18.40 -10.44  -1.54  -0.01  -2.20  -8.93 -15.37 -20.43 -24.51 -27.88 -30.73 -33.26 -35.53 -37.53 -39.30 -40.89 -42.48 -44.25 -46.13 -47.96 -49.71 -51.41 -53.11 -55.77 -57.53 -59.19 -60.81 -62.38 -63.92 -65.49 -67.95 -69.53 -70.98 -72.33 -73.58
  0.471  6.120 -48.57 -42.73 -37.31 -31.92 -26.27 -20.00 -12.52  -3.46   0.18  -1.21  -7.14 -13.93 -19.29 -23.56 -27.06 -30.00 -32.59 -34.90 -36.94 -38.74 -40.35 -41.97 -43.75 -45.65 -47.48 -49.24 -50.95 -52.66 -55.31 -57.08 -58.75 -60.36 -61.94 -63.49 -65.06 -67.53 -69.12 -70.59 -71.96 -73.24
  0.483  6.247 -49.48 -43.69 -38.33 -33.03 -27.53 -21.50 -14.45  -5.71   0.21  -0.62  -5.35 -12.40 -18.09 -22.57 -26.21 -29.25 -31.91 -34.27 -36.35 -38.18 -39.81 -41.45 -43.25 -45.16 -47.01 -48.78 -50.49 -52.21 -54.86 -56.63 -58.30 -59.92 -61.50 -63.06 -64.63 -67.12 -68.72 -70.20 -71.59 -72.89
  0.495  6.375 -50.39 -44.63 -39.32 -34.11 -28.73 -22.92 -16.24  -8.00  -0.25  -0.26  -3.66 -10.75 -16.81 -21.53 -25.33 -28.47 -31.21 -33.63 -35.75 -37.62 -39.28 -40.94 -42.76 -44.68 -46.54 -48.31 -50.04 -51.76 -54.41 -56.19 -57.86 -59.49 -61.07 -62.63 -64.21 -66.71 -68.32 -69.81 -71.22 -72.54
  0.507  6.503 -51.27 -45.55 -40.29 -35.15 -29.89 -24.26 -17.91 -10.18  -1.47   0.00  -2.26  -9.01 -15.44 -20.44 -24.42 -27.68 -30.50 -32.98 -35.14 -37.05 -38.74 -40.42 -42.26 -44.20 -46.07 -47.86 -49.59 -51.31 -53.96 -55.75 -57.43 -59.06 -60.65 -62.21 -63.80 -66.30 -67.92 -69.43 -70.85 -72.19
  0.520  6.630 -52.15 -46.45 -41.24 -36.16 -31.00 -25.53 -19.46 -12.21  -3.37   0.23  -1.26  -7.20 -13.99 -19.29 -23.47 -26.86 -29.78 -32.32 -34.53 -36.48 -38.20 -39.91 -41.76 -43.72 -45.60 -47.40 -49.14 -50.87 -53.52 -55.31 -57.00 -58.63 -60.22 -61.79 -63.38 -65.89 -67.52 -69.04 -70.48 -71.84
  0.532  6.758 -53.01 -47.34 -42.16 -37.14 -32.07 -26.75 -20.92 -14.10  -5.59   0.27  -0.64  -5.39 -12.43 -18.08 -22.48 -26.02 -29.03 -31.64 -33.91 -35.90 -37.65 -39.39 -41.27 -43.24 -45.14 -46.95 -48.69 -50.43 -53.08 -54.88 -56.57 -58.21 -59.80 -61.38 -62.97 -65.49 -67.13 -68.66 -70.11 -71.49
  0.545  6.885 -53.85 -48.21 -43.07 -38.10 -33.10 -27.91 -22.29 -15.84  -7.84  -0.19  -0.27  -3.69 -10.78 -16.79 -21.44 -25.14 -28.26 -30.95 -33.28 -35.32 -37.11 -38.87 -40.77 -42.76 -44.67 -46.49 -48.25 -50.00 -52.65 -54.45 -56.14 -57.79 -59.39 -60.96 -62.56 -65.09 -66.74 -68.27 -69.74 -71.13
  0.558  7.013 -54.69 -49.07 -43.96 -39.03 -34.11 -29.02 -23.59 -17.46  -9.97  -1.43   0.03  -2.28  -9.02 -15.42 -20.35 -24.23 -27.48 -30.25 -32.64 -34.73 -36.55 -38.35 -40.27 -42.28 -44.21 -46.04 -47.81 -49.56 -52.22 -54.02 -55.72 -57.37 -58.97 -60.55 -62.16 -64.69 -66.34 -67.89 -69.37 -70.77
  0.571  7.140 -55.52 -49.91 -44.83 -39.94 -35.08 -30.09 -24.82 -18.97 -11.97  -3.33   0.27  -1.28  -7.20 -13.95 -19.20 -23.28 -26.66 -29.53 -31.99 -34.13 -36.00 -37.82 -39.78 -41.81 -43.75 -45.59 -47.37 -49.13 -51.79 -53.60 -55.30 -56.96 -58.56 -60.15 -61.75 -64.29 -65.95 -67.51 -69.00 -70.41
  0.584  7.268 -56.33 -50.74 -45.68 -40.83 -36.02 -31.12 -25.99 -20.38 -13.81  -5.53   0.32  -0.65  -5.38 -12.39 -17.98 -22.30 -25.82 -28.80 -31.33 -33.52 -35.44 -37.30 -39.28 -41.33 -43.29 -45.15 -46.93 -48.70 -51.36 -53.18 -54.89 -56.54 -58.16 -59.74 -61.35 -63.89 -65.56 -67.13 -68.62 -70.06
  0.598  7.395 -57.13 -51.56 -46.52 -41.70 -36.94 -32.12 -27.11 -21.72 -15.51  -7.74  -0.17  -0.26  -3.68 -10.73 -16.69 -21.26 -24.96 -28.04 -30.66 -32.91 -34.87 -36.77 -38.77 -40.85 -42.83 -44.70 -46.50 -48.28 -50.93 -52.76 -54.47 -56.13 -57.75 -59.34 -60.95 -63.50 -65.17 -66.75 -68.25 -69.70
  0.611  7.522 -57.93 -52.37 -47.34 -42.55 -37.84 -33.08 -28.19 -22.98 -17.09  -9.85  -1.44   0.05  -2.27  -8.97 -15.32 -20.17 -24.05 -27.26 -29.97 -32.29 -34.29 -36.23 -38.27 -40.37 -42.37 -44.25 -46.06 -47.85 -50.51 -52.34 -54.06 -55.73 -57.35 -58.94 -60.56 -63.11 -64.79 -66.37 -67.88 -69.34
  0.625  7.650 -58.72 -53.17 -48.16 -43.39 -38.71 -34.02 -29.22 -24.17 -18.57 -11.81  -3.34   0.31  -1.27  -7.14 -13.85 -19.03 -23.11 -26.46 -29.26 -31.65 -33.71 -35.69 -37.76 -39.89 -41.90 -43.81 -45.63 -47.42 -50.09 -51.92 -53.65 -55.32 -56.94 -58.54 -60.16 -62.72 -64.40 -65.99 -67.51 -68.97
  0.639  7.777 -59.49 -53.96 -48.96 -44.21 -39.56 -34.92 -30.21 -25.31 -19.95 -13.62  -5.53   0.34  -0.64  -5.32 -12.29 -17.82 -22.13 -25.63 -28.54 -31.00 -33.12 -35.15 -37.25 -39.40 -41.44 -43.36 -45.19 -47.00 -49.66 -51.51 -53.24 -54.92 -56.54 -58.15 -59.77 -62.33 -64.02 -65.61 -67.14 -68.61
  0.654  7.905 -60.26 -54.74 -49.75 -45.01 -40.39 -35.80 -31.17 -26.40 -21.25 -15.29  -7.73  -0.18  -0.24  -3.63 -10.63 -16.53 -21.10 -24.77 -27.79 -30.34 -32.52 -34.59 -36.73 -38.91 -40.98 -42.91 -44.76 -46.58 -49.24 -51.09 -52.83 -54.51 -56.15 -57.75 -59.38 -61.94 -63.64 -65.23 -66.77 -68.25
  0.668  8.033 -61.03 -55.51 -50.52 -45.81 -41.21 -36.66 -32.10 -27.44 -22.48 -16.85  -9.81  -1.48   0.08  -2.24  -8.87 -15.17 -20.02 -23.87 -27.02 -29.66 -31.91 -34.03 -36.21 -38.42 -40.51 -42.46 -44.32 -46.15 -48.82 -50.68 -52.43 -54.11 -55.75 -57.36 -58.99 -61.55 -63.25 -64.85 -66.40 -67.89
  0.683  8.160 -61.78 -56.27 -51.29 -46.59 -42.01 -37.50 -33.00 -28.44 -23.65 -18.30 -11.75  -3.42   0.33  -1.25  -7.06 -13.71 -18.88 -22.94 -26.23 -28.97 -31.29 -33.47 -35.69 -37.93 -40.04 -42.01 -43.89 -45.73 -48.40 -50.27 -52.02 -53.71 -55.35 -56.96 -58.60 -61.17 -62.87 -64.48 -66.03 -67.53
  0.698  8.287 -62.53 -57.02 -52.05 -47.35 -42.80 -38.32 -33.87 -29.40 -24.76 -19.66 -13.54  -5.61   0.35  -0.62  -5.25 -12.16 -17.68 -21.97 -25.41 -28.26 -30.66 -32.89 -35.16 -37.43 -39.57 -41.56 -43.45 -45.30 -47.98 -49.85 -51.61 -53.31 -54.96 -56.57 -58.21 -60.78 -62.49 -64.10 -65.66 -67.16
  0.714  8.415 -63.27 -57.77 -52.80 -48.11 -43.57 -39.12 -34.72 -30.33 -25.82 -20.94 -15.20  -7.79  -0.21  -0.22  -3.57 -10.50 -16.40 -20.95 -24.56 -27.52 -30.01 -32.30 -34.62 -36.93 -39.09 -41.11 -43.01 -44.88 -47.56 -49.44 -51.21 -52.91 -54.56 -56.18 -57.82 -60.40 -62.11 -63.72 -65.29 -66.80
  0.730  8.543 -64.00 -58.51 -53.54 -48.86 -44.33 -39.90 -35.55 -31.23 -26.84 -22.15 -16.74  -9.87  -1.57   0.10  -2.19  -8.76 -15.04 -19.88 -23.68 -26.77 -29.35 -31.71 -34.07 -36.42 -38.61 -40.65 -42.57 -44.45 -47.13 -49.03 -50.80 -52.51 -54.17 -55.79 -57.44 -60.01 -61.73 -63.35 -64.91 -66.43
  0.746  8.670 -64.72 -59.24 -54.28 -49.59 -45.07 -40.67 -36.36 -32.11 -27.82 -23.30 -18.17 -11.79  -3.54   0.35  -1.21  -6.95 -13.59 -18.75 -22.76 -25.99 -28.67 -31.10 -33.52 -35.91 -38.13 -40.19 -42.13 -44.03 -46.71 -48.61 -50.40 -52.11 -53.77 -55.40 -57.05 -59.63 -61.35 -62.97 -64.54 -66.07
  0.762  8.797 -65.44 -59.97 -55.00 -50.32 -45.81 -41.42 -37.15 -32.95 -28.76 -24.40 -19.52 -13.57  -5.74   0.34  -0.60  -5.16 -12.05 -17.55 -21.79 -25.18 -27.97 -30.48 -32.95 -35.39 -37.64 -39.73 -41.69 -43.60 -46.29 -48.20 -49.99 -51.71 -53.38 -55.01 -56.66 -59.25 -60.97 -62.60 -64.17 -65.70
  0.779  8.925 -66.15 -60.69 -55.73 -51.04 -46.53 -42.16 -37.92 -33.78 -29.68 -25.44 -20.79 -15.22  -7.93  -0.27  -0.20  -3.50 -10.40 -16.28 -20.79 -24.34 -27.25 -29.84 -32.38 -34.86 -37.15 -39.26 -41.24 -43.17 -45.86 -47.78 -49.58 -51.31 -52.98 -54.62 -56.28 -58.86 -60.59 -62.22 -63.80 -65.34
  0.796  9.053 -66.85 -61.41 -56.44 -51.75 -47.25 -42.89 -38.67 -34.58 -30.56 -26.45 -21.99 -16.75 -10.00  -1.70   0.13  -2.14  -8.67 -14.93 -19.72 -23.47 -26.51 -29.19 -31.79 -34.32 -36.65 -38.79 -40.79 -42.73 -45.43 -47.37 -49.17 -50.91 -52.59 -54.23 -55.89 -58.48 -60.21 -61.84 -63.43 -64.97
  0.813  9.180 -67.55 -62.12 -57.15 -52.46 -47.96 -43.61 -39.42 -35.37 -31.41 -27.42 -23.14 -18.19 -11.92  -3.70   0.37  -1.18  -6.87 -13.49 -18.61 -22.56 -25.74 -28.53 -31.20 -33.78 -36.15 -38.32 -40.34 -42.30 -45.00 -46.95 -48.76 -50.51 -52.19 -53.84 -55.50 -58.09 -59.83 -61.47 -63.05 -64.60
  0.831  9.307 -68.23 -62.83 -57.85 -53.16 -48.66 -44.32 -40.15 -36.14 -32.25 -28.35 -24.23 -19.53 -13.70  -5.93   0.32  -0.57  -5.09 -11.96 -17.42 -21.61 -24.95 -27.84 -30.59 -33.23 -35.64 -37.84 -39.89 -41.86 -44.57 -46.53 -48.35 -50.10 -51.79 -53.45 -55.11 -57.71 -59.45 -61.09 -62.68 -64.23
  0.849  9.435 -68.91 -63.53 -58.55 -53.85 -49.35 -45.02 -40.87 -36.89 -33.06 -29.25 -25.27 -20.80 -15.35  -8.13  -0.36  -0.17  -3.45 -10.32 -16.16 -20.62 -24.12 -27.13 -29.96 -32.66 -35.12 -37.35 -39.43 -41.42 -44.13 -46.10 -47.94 -49.70 -51.39 -53.05 -54.73 -57.32 -59.06 -60.71 -62.31 -63.86
  0.867  9.562 -69.58 -64.22 -59.25 -54.54 -50.03 -45.71 -41.57 -37.63 -33.85 -30.13 -26.27 -22.00 -16.89 -10.20  -1.85   0.15  -2.11  -8.60 -14.82 -19.57 -23.27 -26.40 -29.32 -32.09 -34.59 -36.86 -38.96 -40.97 -43.70 -45.68 -47.52 -49.29 -50.99 -52.66 -54.34 -56.93 -58.68 -60.33 -61.93 -63.49
  0.886  9.690 -70.23 -64.91 -59.94 -55.22 -50.71 -46.39 -42.27 -38.36 -34.63 -30.98 -27.24 -23.15 -18.32 -12.13  -3.91   0.38  -1.15  -6.81 -13.40 -18.46 -22.37 -25.65 -28.67 -31.50 -34.05 -36.36 -38.49 -40.52 -43.25 -45.25 -47.11 -48.88 -50.59 -52.26 -53.94 -56.54 -58.29 -59.95 -61.55 -63.11
  0.906  9.818 -70.87 -65.60 -60.62 -55.90 -51.39 -47.07 -42.96 -39.08 -35.39 -31.81 -28.17 -24.24 -19.67 -13.91  -6.16   0.29  -0.55  -5.05 -11.87 -17.29 -21.44 -24.87 -27.99 -30.90 -33.51 -35.85 -38.01 -40.07 -42.81 -44.82 -46.69 -48.47 -50.19 -51.87 -53.55 -56.15 -57.91 -59.57 -61.17 -62.74
  0.926  9.945 -71.50 -66.28 -61.31 -56.58 -52.06 -47.74 -43.64 -39.78 -36.14 -32.62 -29.08 -25.29 -20.95 -15.57  -8.37  -0.47  -0.15  -3.42 -10.25 -16.05 -20.45 -24.06 -27.29 -30.28 -32.95 -35.34 -37.53 -39.61 -42.36 -44.38 -46.26 -48.06 -49.78 -51.47 -53.16 -55.76 -57.52 -59.18 -60.79 -62.36
  0.946 10.072 -72.12 -66.95 -61.99 -57.25 -52.72 -48.40 -44.32 -40.48 -36.87 -33.41 -29.96 -26.30 -22.16 -17.11 -10.46  -2.04   0.17  -2.09  -8.54 -14.72 -19.42 -23.21 -26.57 -29.65 -32.38 -34.81 -37.04 -39.15 -41.90 -43.94 -45.84 -47.64 -49.38 -51.07 -52.76 -55.37 -57.13 -58.80 -60.41 -61.99
  0.967 10.200 -72.72 -67.62 -62.66 -57.92 -53.39 -49.07 -44.99 -41.17 -37.60 -34.19 -30.81 -27.28 -23.32 -18.56 -12.40  -4.15   0.39  -1.14  -6.77 -13.31 -18.33 -22.33 -25.83 -29.00 -31.80 -34.28 -36.54 -38.68 -41.44 -43.50 -45.41 -47.22 -48.97 -50.66 -52.36 -54.97 -56.74 -58.41 -60.03 -61.60
  0.988 10.328 -73.30 -68.29 -63.34 -58.59 -54.04 -49.72 -45.65 -41.85 -38.31 -34.95 -31.65 -28.22 -24.42 -19.92 -14.20  -6.43   0.26  -0.53  -5.02 -11.80 -17.17 -21.40 -25.05 -28.33 -31.20 -33.74 -36.04 -38.20 -40.97 -43.05 -44.97 -46.80 -48.55 -50.26 -51.96 -54.57 -56.35 -58.02 -59.64 -61.22
  1.010 10.455 -73.86 -68.94 -64.01 -59.25 -54.70 -50.38 -46.31 -42.53 -39.01 -35.70 -32.47 -29.14 -25.49 -21.22 -15.87  -8.67  -0.57  -0.12  -3.40 -10.19 -15.94 -20.43 -24.25 -27.64 -30.59 -33.18 -35.53 -37.72 -40.50 -42.60 -44.54 -46.38 -48.14 -49.85 -51.56 -54.17 -55.95 -57.63 -59.25 -60.84
  1.033 10.582 -74.41 -69.59 -64.68 -59.92 -55.36 -51.03 -46.97 -43.20 -39.71 -36.44 -33.27 -30.03 -26.51 -22.44 -17.43 -10.77  -2.22   0.20  -2.07  -8.49 -14.63 -19.41 -23.41 -26.93 -29.96 -32.61 -35.00 -37.23 -40.02 -42.14 -44.09 -45.94 -47.72 -49.44 -51.16 -53.77 -55.55 -57.23 -58.86 -60.45
  1.056 10.710 -74.92 -70.23 -65.34 -60.58 -56.01 -51.68 -47.62 -43.87 -40.41 -37.18 -34.06 -30.90 -27.50 -23.62 -18.89 -12.73  -4.38   0.40  -1.12  -6.74 -13.23 -18.33 -22.54 -26.19 -29.31 -32.03 -34.47 -36.73 -39.54 -41.67 -43.64 -45.51 -47.29 -49.02 -50.75 -53.36 -55.15 -56.83 -58.47 -60.06
  1.079 10.838 -75.42 -70.87 -66.01 -61.24 -56.67 -52.33 -48.27 -44.53 -41.09 -37.90 -34.84 -31.76 -28.47 -24.75 -20.28 -14.55  -6.70   0.23  -0.51  -5.00 -11.74 -17.18 -21.62 -25.42 -28.65 -31.44 -33.92 -36.22 -39.04 -41.20 -43.19 -45.07 -46.86 -48.60 -50.34 -52.95 -54.75 -56.43 -58.07 -59.67
  1.104 10.965 -75.88 -71.49 -66.67 -61.90 -57.32 -52.98 -48.93 -45.19 -41.78 -38.62 -35.61 -32.59 -29.41 -25.83 -21.59 -16.24  -8.95  -0.68  -0.10  -3.40 -10.15 -15.96 -20.65 -24.62 -27.96 -30.82 -33.36 -35.70 -38.54 -40.72 -42.73 -44.63 -46.43 -48.18 -49.92 -52.54 -54.34 -56.03 -57.67 -59.27
  1.129 11.092 -76.32 -72.10 -67.33 -62.57 -57.98 -53.63 -49.58 -45.86 -42.46 -39.33 -36.37 -33.42 -30.32 -26.88 -22.84 -17.82 -11.07  -2.41   0.23  -2.07  -8.47 -14.66 -19.63 -23.78 -27.24 -30.19 -32.79 -35.18 -38.03 -40.24 -42.27 -44.18 -45.99 -47.75 -49.50 -52.12 -53.93 -55.62 -57.27 -58.87
  1.155 11.220 -76.73 -72.69 -67.99 -63.23 -58.63 -54.28 -50.23 -46.52 -43.14 -40.04 -37.12 -34.23 -31.22 -27.90 -24.05 -19.31 -13.04  -4.63   0.41  -1.12  -6.74 -13.27 -18.55 -22.91 -26.50 -29.54 -32.21 -34.64 -37.50 -39.74 -41.79 -43.72 -45.55 -47.32 -49.08 -51.70 -53.51 -55.21 -56.86 -58.47
  1.182 11.348 -77.11 -73.28 -68.64 -63.89 -59.29 -54.94 -50.89 -47.18 -43.82 -40.75 -37.87 -35.03 -32.10 -28.89 -25.20 -20.73 -14.87  -6.97   0.19  -0.50  -5.01 -11.79 -17.41 -21.99 -25.73 -28.87 -31.60 -34.08 -36.97 -39.24 -41.31 -43.26 -45.10 -46.88 -48.65 -51.28 -53.09 -54.80 -56.45 -58.07
  1.209 11.475 -77.46 -73.84 -69.29 -64.56 -59.96 -55.59 -51.54 -47.84 -44.50 -41.45 -38.61 -35.83 -32.97 -29.86 -26.32 -22.07 -16.58  -9.24  -0.81  -0.07  -3.41 -10.20 -16.18 -21.02 -24.92 -28.17 -30.98 -33.52 -36.42 -38.72 -40.82 -42.79 -44.65 -46.44 -48.21 -50.85 -52.67 -54.38 -56.04 -57.66
  1.238 11.602 -77.78 -74.39 -69.94 -65.23 -60.62 -56.25 -52.20 -48.51 -45.18 -42.16 -39.35 -36.62 -33.83 -30.81 -27.41 -23.36 -18.18 -11.37  -2.62   0.25  -2.09  -8.52 -14.87 -19.99 -24.08 -27.45 -30.34 -32.94 -35.86 -38.20 -40.32 -42.31 -44.19 -45.99 -47.77 -50.41 -52.24 -53.96 -55.62 -57.24
  1.267 11.730 -78.07 -74.92 -70.58 -65.90 -61.29 -56.92 -52.87 -49.19 -45.87 -42.87 -40.09 -37.41 -34.68 -31.75 -28.46 -24.60 -19.69 -13.35  -4.90   0.42  -1.12  -6.78 -13.47 -18.90 -23.19 -26.70 -29.68 -32.34 -35.29 -37.66 -39.82 -41.82 -43.72 -45.53 -47.33 -49.97 -51.80 -53.53 -55.20 -56.82
  1.297 11.857 -78.33 -75.42 -71.22 -66.58 -61.97 -57.59 -53.54 -49.86 -46.56 -43.58 -40.83 -38.19 -35.52 -32.67 -29.50 -25.80 -21.13 -15.19  -7.27   0.13  -0.48  -5.05 -11.97 -17.74 -22.26 -25.91 -29.00 -31.72 -34.70 -37.11 -39.30 -41.33 -43.24 -45.07 -46.88 -49.52 -51.36 -53.09 -54.77 -56.40
  1.329 11.985 -78.57 -75.90 -71.85 -67.25 -62.65 -58.27 -54.22 -50.55 -47.26 -44.30 -41.58 -38.98 -36.36 -33.59 -30.51 -26.96 -22.50 -16.92  -9.56  -0.96  -0.04  -3.43 -10.36 -16.50 -21.27 -25.09 -28.29 -31.09 -34.10 -36.55 -38.77 -40.82 -42.75 -44.60 -46.42 -49.07 -50.92 -52.66 -54.34 -55.97
  1.361 12.113 -78.77 -76.36 -72.47 -67.93 -63.34 -58.96 -54.91 -51.24 -47.96 -45.02 -42.33 -39.77 -37.20 -34.49 -31.51 -28.10 -23.81 -18.54 -11.71  -2.87   0.28  -2.09  -8.64 -15.17 -20.23 -24.23 -27.55 -30.43 -33.48 -35.98 -38.23 -40.31 -42.26 -44.12 -45.95 -48.61 -50.46 -52.21 -53.90 -55.53
  1.395 12.240 -78.95 -76.78 -73.08 -68.61 -64.04 -59.66 -55.61 -51.94 -48.67 -45.75 -43.09 -40.56 -38.03 -35.39 -32.50 -29.21 -25.08 -20.07 -13.71  -5.20   0.42  -1.11  -6.86 -13.73 -19.11 -23.32 -26.78 -29.75 -32.83 -35.38 -37.67 -39.78 -41.76 -43.63 -45.48 -48.14 -50.00 -51.76 -53.45 -55.09
  1.430 12.367 -79.11 -77.18 -73.68 -69.30 -64.75 -60.37 -56.32 -52.66 -49.40 -46.49 -43.85 -41.35 -38.88 -36.29 -33.48 -30.30 -26.31 -21.53 -15.57  -7.61   0.06  -0.46  -5.07 -12.18 -17.92 -22.36 -25.97 -29.05 -32.17 -34.77 -37.10 -39.24 -41.24 -43.14 -45.00 -47.66 -49.54 -51.30 -53.00 -54.65
  1.466 12.495 -79.25 -77.54 -74.27 -69.99 -65.47 -61.09 -57.04 -53.38 -50.13 -47.25 -44.63 -42.16 -39.72 -37.20 -34.46 -31.38 -27.51 -22.92 -17.32  -9.93  -1.14  -0.01  -3.40 -10.51 -16.64 -21.35 -25.12 -28.31 -31.48 -34.14 -36.52 -38.69 -40.72 -42.63 -44.51 -47.18 -49.06 -50.83 -52.54 -54.19
  1.504 12.623 -79.37 -77.88 -74.84 -70.68 -66.19 -61.83 -57.78 -54.13 -50.89 -48.01 -45.41 -42.98 -40.58 -38.10 -35.44 -32.45 -28.68 -24.26 -18.96 -12.10  -3.15   0.30  -2.02  -8.72 -15.25 -20.26 -24.23 -27.54 -30.76 -33.49 -35.91 -38.13 -40.18 -42.12 -44.01 -46.68 -48.58 -50.36 -52.07 -53.73
  1.543 12.750 -79.47 -78.18 -75.39 -71.37 -66.93 -62.58 -58.53 -54.88 -51.65 -48.79 -46.21 -43.80 -41.44 -39.01 -36.41 -33.51 -29.83 -25.55 -20.50 -14.11  -5.53   0.37  -1.04  -6.86 -13.77 -19.11 -23.29 -26.75 -30.02 -32.82 -35.30 -37.55 -39.63 -41.59 -43.50 -46.18 -48.09 -49.88 -51.60 -53.27
  1.583 12.877 -79.55 -78.45 -75.90 -72.05 -67.67 -63.33 -59.29 -55.64 -52.42 -49.57 -47.01 -44.63 -42.30 -39.92 -37.37 -34.55 -30.94 -26.78 -21.96 -15.96  -7.93  -0.12  -0.40  -5.01 -12.17 -17.89 -22.31 -25.92 -29.26 -32.14 -34.67 -36.96 -39.08 -41.06 -42.99 -45.68 -47.60 -49.40 -51.13 -52.80
  1.623 13.005 -79.63 -78.68 -76.39 -72.71 -68.41 -64.09 -60.06 -56.42 -53.20 -50.37 -47.83 -45.47 -43.17 -40.83 -38.33 -35.58 -32.03 -27.97 -23.34 -17.67 -10.20  -1.46   0.01  -3.31 -10.47 -16.59 -21.28 -25.06 -28.47 -31.44 -34.03 -36.37 -38.52 -40.53 -42.48 -45.17 -47.11 -48.91 -50.65 -52.33
  1.665 13.133 -79.68 -78.89 -76.84 -73.37 -69.15 -64.86 -60.84 -57.21 -54.00 -51.17 -48.65 -46.31 -44.04 -41.74 -39.29 -36.61 -33.11 -29.13 -24.65 -19.27 -12.31  -3.50   0.28  -1.93  -8.67 -15.21 -20.20 -24.17 -27.66 -30.72 -33.38 -35.77 -37.95 -39.99 -41.96 -44.66 -46.61 -48.43 -50.18 -51.86
  1.708 13.260 -79.73 -79.07 -77.26 -74.01 -69.90 -65.65 -61.63 -58.01 -54.81 -51.99 -49.49 -47.17 -44.93 -42.66 -40.26 -37.64 -34.16 -30.25 -25.90 -20.77 -14.25  -5.83   0.26  -0.96  -6.80 -13.72 -19.05 -23.24 -26.83 -29.98 -32.71 -35.15 -37.38 -39.45 -41.44 -44.15 -46.11 -47.94 -49.70 -51.39
  1.752 13.387 -79.77 -79.22 -77.64 -74.63 -70.65 -66.44 -62.44 -58.83 -55.63 -52.83 -50.34 -48.04 -45.83 -43.59 -41.23 -38.67 -35.21 -31.34 -27.11 -22.19 -16.05  -8.17  -0.37  -0.35  -4.95 -12.13 -17.84 -22.27 -25.96 -29.22 -32.03 -34.53 -36.79 -38.90 -40.91 -43.63 -45.61 -47.45 -49.22 -50.92
  1.798 13.515 -79.81 -79.35 -77.99 -75.23 -71.40 -67.25 -63.27 -59.66 -56.48 -53.69 -51.21 -48.93 -46.74 -44.53 -42.22 -39.70 -36.25 -32.41 -28.27 -23.53 -17.72 -10.38  -1.83   0.04  -3.24 -10.44 -16.55 -21.25 -25.05 -28.43 -31.33 -33.89 -36.20 -38.34 -40.38 -43.11 -45.10 -46.96 -48.74 -50.45
  1.844 13.643 -79.84 -79.46 -78.31 -75.81 -72.15 -68.08 -64.12 -60.53 -57.35 -54.57 -52.10 -49.84 -47.67 -45.50 -43.22 -40.75 -37.29 -33.47 -29.40 -24.81 -19.28 -12.43  -3.90   0.25  -1.85  -8.63 -15.17 -20.18 -24.11 -27.63 -30.61 -33.24 -35.60 -37.77 -39.84 -42.58 -44.59 -46.46 -48.25 -49.97
  1.892 13.770 -79.86 -79.56 -78.58 -76.35 -72.90 -68.92 -65.00 -61.42 -58.25 -55.48 -53.03 -50.78 -48.63 -46.48 -44.24 -41.81 -38.33 -34.51 -30.51 -26.05 -20.76 -14.34  -6.22   0.13  -0.88  -6.76 -13.70 -19.04 -23.13 -26.79 -29.88 -32.58 -34.99 -37.20 -39.30 -42.05 -44.08 -45.96 -47.76 -49.49
  1.941 13.898 -79.88 -79.63 -78.83 -76.87 -73.64 -69.78 -65.90 -62.34 -59.18 -56.42 -53.98 -51.75 -49.62 -47.50 -45.28 -42.90 -39.38 -35.54 -31.58 -27.23 -22.15 -16.10  -8.52  -0.62  -0.29  -4.89 -12.11 -17.84 -22.10 -25.92 -29.12 -31.90 -34.37 -36.62 -38.75 -41.51 -43.56 -45.46 -47.27 -49.01
  1.991 14.025 -79.89 -79.70 -79.04 -77.35 -74.38 -70.65 -66.84 -63.30 -60.15 -57.41 -54.98 -52.76 -50.65 -48.55 -46.36 -44.02 -40.44 -36.57 -32.64 -28.38 -23.48 -17.75 -10.71  -2.18   0.05  -3.16 -10.42 -16.56 -21.02 -25.02 -28.34 -31.20 -33.73 -36.03 -38.20 -40.96 -43.04 -44.96 -46.78 -48.53
  2.042 14.152 -79.90 -79.75 -79.22 -77.79 -75.11 -71.55 -67.81 -64.30 -61.17 -58.43 -56.02 -53.82 -51.72 -49.64 -47.49 -45.18 -41.52 -37.60 -33.69 -29.50 -24.75 -19.30 -12.74  -4.32   0.20  -1.76  -8.62 -15.19 -19.88 -24.08 -27.53 -30.49 -33.09 -35.43 -37.64 -40.41 -42.51 -44.45 -46.29 -48.05
  2.095 14.280 -79.91 -79.80 -79.38 -78.20 -75.81 -72.46 -68.82 -65.35 -62.24 -59.52 -57.11 -54.93 -52.85 -50.79 -48.66 -46.38 -42.63 -38.64 -34.72 -30.59 -25.97 -20.76 -14.63  -6.66  -0.02  -0.80  -6.73 -13.72 -18.68 -23.10 -26.70 -29.76 -32.43 -34.83 -37.07 -39.86 -41.98 -43.93 -45.79 -47.56
  2.149 14.408 -79.92 -79.83 -79.51 -78.55 -76.49 -73.39 -69.87 -66.46 -63.37 -60.67 -58.28 -56.10 -54.05 -52.01 -49.90 -47.65 -43.77 -39.68 -35.75 -31.66 -27.15 -22.14 -16.38  -8.97  -0.90  -0.24  -4.85 -12.14 -17.40 -22.07 -25.83 -29.00 -31.75 -34.21 -36.49 -39.30 -41.44 -43.42 -45.29 -47.07
  2.205 14.535 -79.93 -79.86 -79.62 -78.87 -77.13 -74.33 -70.97 -67.63 -64.59 -61.90 -59.52 -57.37 -55.32 -53.30 -51.22 -49.00 -44.94 -40.74 -36.77 -32.71 -28.29 -23.47 -18.03 -11.16  -2.56   0.06  -3.10 -10.45 -16.04 -20.99 -24.94 -28.23 -31.06 -33.58 -35.90 -38.73 -40.90 -42.90 -44.78 -46.58
  2.261 14.662 -79.93 -79.89 -79.70 -79.13 -77.73 -75.27 -72.13 -68.89 -65.89 -63.23 -60.87 -58.73 -56.71 -54.71 -52.64 -50.45 -46.18 -41.82 -37.80 -33.75 -29.41 -24.73 -19.58 -13.20  -4.76   0.13  -1.67  -8.64 -14.59 -19.85 -24.00 -27.42 -30.35 -32.93 -35.31 -38.15 -40.35 -42.37 -44.27 -46.09
  2.320 14.790 -79.94 -79.90 -79.78 -79.36 -78.27 -76.20 -73.34 -70.25 -67.32 -64.69 -62.36 -60.24 -58.23 -56.24 -54.20 -52.04 -47.47 -42.92 -38.83 -34.78 -30.50 -25.96 -21.05 -15.10  -7.13  -0.20  -0.71  -6.75 -13.05 -18.65 -23.02 -26.59 -29.62 -32.28 -34.70 -37.56 -39.79 -41.84 -43.76 -45.59
  2.380 14.918 -79.94 -79.92 -79.83 -79.54 -78.75 -77.09 -74.59 -71.71 -68.89 -66.32 -64.02 -61.92 -59.93 -57.96 -55.95 -53.81 -48.86 -44.06 -39.87 -35.81 -31.57 -27.14 -22.44 -16.88  -9.46  -1.22  -0.18  -4.84 -11.39 -17.37 -22.00 -25.73 -28.87 -31.61 -34.09 -36.97 -39.23 -41.30 -43.25 -45.09
  2.441 15.045 -79.94 -79.93 -79.87 -79.68 -79.14 -77.92 -75.88 -73.30 -70.65 -68.16 -65.91 -63.84 -61.88 -59.94 -57.94 -55.83 -50.35 -45.24 -40.93 -36.83 -32.62 -28.30 -23.78 -18.55 -11.67  -2.99   0.05  -3.05  -9.64 -16.01 -20.92 -24.84 -28.10 -30.92 -33.46 -36.37 -38.66 -40.76 -42.73 -44.59
  2.504 15.172 -79.94 -79.94 -79.90 -79.79 -79.46 -78.65 -77.14 -75.01 -72.63 -70.30 -68.13 -66.12 -64.19 -62.28 -60.31 -58.22 -51.98 -46.47 -42.01 -37.86 -33.67 -29.42 -25.07 -20.13 -13.73  -5.24   0.03  -1.60  -7.81 -14.56 -19.79 -23.91 -27.30 -30.21 -32.82 -35.75 -38.09 -40.21 -42.20 -44.08
  2.569 15.300 -79.94 -79.94 -79.92 -79.87 -79.69 -79.25 -78.31 -76.79 -74.88 -72.83 -70.83 -68.92 -67.07 -65.21 -63.28 -61.23 -53.82 -47.78 -43.11 -38.90 -34.71 -30.52 -26.32 -21.63 -15.66  -7.64  -0.43  -0.63  -5.96 -13.02 -18.59 -22.94 -26.48 -29.49 -32.17 -35.13 -37.50 -39.66 -41.67 -43.57
  2.635 15.428 -79.95 -79.94 -79.94 -79.92 -79.85 -79.67 -79.25 -78.46 -77.29 -75.83 -74.24 -72.60 -70.93 -69.20 -67.37 -65.39 -55.93 -49.17 -44.26 -39.95 -35.74 -31.61 -27.53 -23.06 -17.47 -10.00  -1.58  -0.13  -4.19 -11.36 -17.31 -21.92 -25.62 -28.75 -31.50 -34.49 -36.91 -39.10 -41.14 -43.05
  2.703 15.555 -79.95 -79.95 -79.94 -79.94 -79.93 -79.90 -79.82 -79.65 -79.35 -78.89 -78.26 -77.46 -76.50 -75.34 -73.97 -72.35 -58.48 -50.67 -45.44 -41.01 -36.78 -32.69 -28.71 -24.45 -19.18 -12.23  -3.45   0.04  -2.65  -9.61 -15.96 -20.85 -24.74 -27.98 -30.82 -33.84 -36.31 -38.53 -40.60 -42.54
  2.773 15.682 -79.95 -79.95 -79.95 -79.95 -79.94 -79.94 -79.93 -79.92 -79.89 -79.83 -79.76 -79.64 -79.48 -79.24 -78.88 -78.35 -61.73 -52.32 -46.69 -42.10 -37.82 -33.75 -29.87 -25.78 -20.80 -14.32  -5.75  -0.10  -1.49  -7.77 -14.51 -19.72 -23.81 -27.19 -30.12 -33.17 -35.69 -37.96 -40.05 -42.01
  2.845 15.810 -79.95 -79.94 -79.94 -79.93 -79.91 -79.83 -79.64 -79.27 -78.65 -77.77 -76.69 -75.46 -74.11 -72.63 -71.00 -69.19 -66.41 -54.18 -48.00 -43.22 -38.87 -34.81 -31.01 -27.08 -22.35 -16.29  -8.19  -0.69  -0.71  -5.91 -12.96 -18.52 -22.84 -26.37 -29.40 -32.50 -35.07 -37.37 -39.50 -41.48
  2.918 15.938 -79.95 -79.94 -79.94 -79.91 -79.82 -79.60 -79.08 -78.14 -76.79 -75.19 -73.50 -71.80 -70.10 -68.38 -66.57 -64.64 -74.95 -56.33 -49.41 -44.37 -39.94 -35.87 -32.14 -28.35 -23.84 -18.14 -10.57  -1.97  -0.19  -4.13 -11.31 -17.25 -21.83 -25.52 -28.66 -31.80 -34.43 -36.78 -38.94 -40.95
  2.994 16.065 -79.94 -79.94 -79.93 -79.87 -79.71 -79.28 -78.38 -76.91 -75.03 -73.03 -71.08 -69.21 -67.41 -65.61 -63.77 -61.81 -74.95 -58.91 -50.93 -45.58 -41.02 -36.94 -33.26 -29.60 -25.28 -19.90 -12.84  -3.93   0.17  -2.59  -9.55 -15.90 -20.77 -24.64 -27.90 -31.09 -33.78 -36.18 -38.38 -40.41
  3.071 16.192 -79.94 -79.94 -79.91 -79.83 -79.57 -78.92 -77.64 -75.74 -73.53 -71.31 -69.23 -67.29 -65.45 -63.63 -61.77 -59.81 -67.27 -62.25 -52.60 -46.84 -42.13 -38.02 -34.38 -30.83 -26.68 -21.58 -14.97  -6.28   0.36  -1.42  -7.71 -14.46 -19.64 -23.72 -27.12 -30.36 -33.12 -35.57 -37.80 -39.87
  3.150 16.320 -79.94 -79.94 -79.90 -79.78 -79.42 -78.54 -76.92 -74.70 -72.27 -69.92 -67.77 -65.80 -63.93 -62.11 -60.24 -58.29 -63.33 -67.10 -54.49 -48.18 -43.28 -39.10 -35.50 -32.05 -28.06 -23.19 -16.98  -8.75   0.14  -0.65  -5.84 -12.91 -18.46 -22.76 -26.30 -29.61 -32.44 -34.95 -37.22 -39.32
  3.232 16.448 -79.94 -79.93 -79.89 -79.73 -79.26 -78.15 -76.24 -73.78 -71.20 -68.78 -66.59 -64.59 -62.72 -60.89 -59.03 -57.08 -60.78 -76.08 -56.67 -49.61 -44.46 -40.21 -36.62 -33.27 -29.41 -24.75 -18.89 -11.16  -0.83  -0.15  -4.05 -11.26 -17.19 -21.76 -25.46 -28.83 -31.75 -34.31 -36.63 -38.76
  3.315 16.575 -79.94 -79.93 -79.87 -79.67 -79.09 -77.78 -75.62 -72.97 -70.29 -67.82 -65.60 -63.59 -61.72 -59.89 -58.03 -56.09 -58.94 -74.26 -59.32 -51.16 -45.70 -41.34 -37.76 -34.49 -30.75 -26.27 -20.71 -13.46  -2.59   0.18  -2.51  -9.51 -15.85 -20.70 -24.59 -28.04 -31.04 -33.67 -36.03 -38.20
  3.401 16.703 -79.94 -79.93 -79.86 -79.61 -78.92 -77.42 -75.05 -72.27 -69.51 -67.00 -64.77 -62.75 -60.88 -59.05 -57.20 -55.26 -57.53 -67.12 -62.75 -52.87 -47.00 -42.51 -38.92 -35.72 -32.09 -27.77 -22.45 -15.63  -4.80   0.31  -1.34  -7.66 -14.41 -19.58 -23.67 -27.21 -30.31 -33.01 -35.42 -37.63
  3.489 16.830 -79.94 -79.92 -79.84 -79.55 -78.76 -77.07 -74.54 -71.64 -68.83 -66.29 -64.05 -62.03 -60.16 -58.33 -56.48 -54.56 -56.39 -63.36 -67.79 -54.80 -48.38 -43.71 -40.10 -36.97 -33.43 -29.24 -24.14 -17.69  -7.12  -0.01  -0.59  -5.78 -12.87 -18.40 -22.72 -26.36 -29.56 -32.33 -34.80 -37.05
  3.579 16.957 -79.94 -79.92 -79.82 -79.50 -78.59 -76.75 -74.08 -71.09 -68.24 -65.68 -63.43 -61.41 -59.53 -57.71 -55.87 -53.95 -55.46 -60.90 -77.19 -57.04 -49.85 -44.96 -41.30 -38.24 -34.78 -30.71 -25.79 -19.64  -9.36  -1.09  -0.11  -3.98 -11.22 -17.15 -21.73 -25.47 -28.79 -31.64 -34.17 -36.46
  3.671 17.085 -79.94 -79.91 -79.81 -79.44 -78.44 -76.46 -73.66 -70.60 -67.72 -65.15 -62.89 -60.87 -58.99 -57.17 -55.34 -53.43 -54.68 -59.11 -73.66 -59.76 -51.46 -46.27 -42.55 -39.54 -36.15 -32.18 -27.41 -21.52 -11.45  -2.93   0.18  -2.43  -9.47 -15.81 -20.68 -24.55 -27.99 -30.93 -33.53 -35.86
  3.766 17.212 -79.94 -79.91 -79.79 -79.39 -78.29 -76.18 -73.28 -70.17 -67.26 -64.68 -62.42 -60.39 -58.52 -56.70 -54.87 -52.97 -54.02 -57.74 -67.01 -63.30 -53.23 -47.64 -43.84 -40.87 -37.55 -33.66 -29.01 -23.33 -13.40  -5.18   0.24  -1.26  -7.62 -14.38 -19.57 -23.58 -27.17 -30.21 -32.87 -35.26
  3.863 17.340 -79.94 -79.91 -79.78 -79.33 -78.15 -75.93 -72.94 -69.78 -66.85 -64.26 -62.00 -59.97 -58.10 -56.29 -54.46 -52.56 -53.45 -56.64 -63.42 -68.57 -55.23 -49.11 -45.19 -42.26 -38.99 -35.16 -30.61 -25.09 -15.20  -7.51  -0.19  -0.52  -5.73 -12.85 -18.40 -22.58 -26.32 -29.46 -32.20 -34.64
  3.963 17.468 -79.94 -79.90 -79.76 -79.28 -78.02 -75.69 -72.63 -69.44 -66.49 -63.89 -61.62 -59.60 -57.73 -55.92 -54.10 -52.21 -52.96 -55.75 -61.06 -78.25 -57.56 -50.69 -46.60 -43.71 -40.48 -36.69 -32.21 -26.82 -16.89  -9.75  -1.40  -0.08  -3.92 -11.21 -17.16 -21.52 -25.43 -28.69 -31.51 -34.01
  4.065 17.595 -79.94 -79.90 -79.75 -79.23 -77.90 -75.48 -72.35 -69.13 -66.16 -63.56 -61.29 -59.27 -57.41 -55.60 -53.78 -51.89 -52.53 -55.00 -59.35 -73.21 -60.40 -52.42 -48.10 -45.23 -42.03 -38.27 -33.83 -28.52 -18.47 -11.84  -3.32   0.16  -2.34  -9.45 -15.83 -20.41 -24.51 -27.90 -30.81 -33.37
  4.170 17.723 -79.94 -79.90 -79.74 -79.19 -77.79 -75.29 -72.11 -68.85 -65.88 -63.27 -61.00 -58.98 -57.12 -55.31 -53.50 -51.61 -52.15 -54.37 -58.03 -67.04 -64.10 -54.32 -49.70 -46.85 -43.66 -39.91 -35.48 -30.20 -19.95 -13.79  -5.61   0.14  -1.18  -7.60 -14.41 -19.23 -23.55 -27.08 -30.08 -32.72
  4.278 17.850 -79.94 -79.90 -79.72 -79.14 -77.68 -75.11 -71.88 -68.61 -65.62 -63.01 -60.74 -58.73 -56.86 -55.06 -53.25 -51.37 -51.83 -53.83 -57.00 -63.66 -69.63 -56.48 -51.42 -48.59 -45.40 -41.63 -37.16 -31.88 -21.36 -15.61  -7.95  -0.41  -0.45  -5.70 -12.88 -17.99 -22.54 -26.23 -29.34 -32.05
  4.389 17.977 -79.94 -79.89 -79.71 -79.11 -77.59 -74.96 -71.69 -68.39 -65.40 -62.79 -60.52 -58.50 -56.63 -54.83 -53.03 -51.15 -51.54 -53.38 -56.16 -61.43 -79.17 -59.00 -53.31 -50.47 -47.27 -43.44 -38.90 -33.56 -22.70 -17.30 -10.21  -1.74  -0.05  -3.86 -11.24 -16.67 -21.49 -25.34 -28.57 -31.37
  4.502 18.105 -79.94 -79.89 -79.70 -79.07 -77.50 -74.81 -71.51 -68.20 -65.20 -62.59 -60.31 -58.30 -56.43 -54.64 -52.83 -50.96 -51.30 -52.99 -55.47 -59.83 -73.16 -62.05 -55.39 -52.54 -49.29 -45.37 -40.70 -35.24 -23.99 -18.89 -12.32  -3.75   0.13  -2.27  -9.49 -15.26 -20.38 -24.43 -27.78 -30.67
  4.618 18.233 -79.94 -79.89 -79.69 -79.04 -77.43 -74.69 -71.36 -68.03 -65.03 -62.41 -60.14 -58.12 -56.26 -54.47 -52.67 -50.80 -51.08 -52.66 -54.90 -58.62 -67.56 -66.03 -57.74 -54.85 -51.52 -47.44 -42.57 -36.93 -25.23 -20.39 -14.28  -6.08   0.00  -1.09  -7.63 -13.76 -19.20 -23.47 -26.97 -29.95
  4.738 18.360 -79.94 -79.89 -79.68 -79.01 -77.36 -74.58 -71.22 -67.89 -64.88 -62.26 -59.99 -57.97 -56.11 -54.32 -52.52 -50.66 -50.90 -52.38 -54.44 -57.70 -64.47 -71.85 -60.43 -57.48 -54.01 -49.68 -44.52 -38.61 -26.43 -21.82 -16.11  -8.44  -0.68  -0.37  -5.71 -12.16 -17.96 -22.47 -26.12 -29.21
  4.860 18.488 -79.93 -79.88 -79.68 -78.98 -77.30 -74.49 -71.11 -67.77 -64.75 -62.13 -59.86 -57.85 -55.99 -54.20 -52.40 -50.54 -50.75 -52.15 -54.06 -56.98 -62.48 -79.79 -63.61 -60.54 -56.84 -52.11 -46.52 -40.25 -27.59 -23.19 -17.83 -10.71  -2.12  -0.02  -3.84 -10.45 -16.64 -21.42 -25.25 -28.45
  4.985 18.615 -79.93 -79.88 -79.67 -78.96 -77.25 -74.42 -71.02 -67.67 -64.65 -62.03 -59.76 -57.74 -55.89 -54.10 -52.30 -50.44 -50.62 -51.97 -53.76 -56.43 -61.12 -74.52 -67.48 -64.21 -60.09 -54.74 -48.55 -41.81 -28.72 -24.50 -19.45 -12.84  -4.21   0.07  -2.21  -8.65 -15.23 -20.31 -24.33 -27.66
  5.114 18.742 -79.93 -79.88 -79.66 -78.95 -77.21 -74.36 -70.95 -67.59 -64.57 -61.95 -59.68 -57.66 -55.81 -54.02 -52.22 -50.36 -50.53 -51.82 -53.53 -56.01 -60.18 -70.04 -72.30 -68.71 -63.87 -57.52 -50.51 -43.23 -29.83 -25.76 -20.99 -14.83  -6.58  -0.16  -1.00  -6.80 -13.73 -19.14 -23.38 -26.85
  5.246 18.870 -79.93 -79.88 -79.66 -78.94 -77.19 -74.31 -70.89 -67.53 -64.51 -61.89 -59.62 -57.60 -55.75 -53.96 -52.17 -50.31 -50.46 -51.72 -53.37 -55.73 -59.56 -67.70 -77.65 -74.14 -68.11 -60.25 -52.24 -44.39 -30.92 -26.99 -22.46 -16.70  -8.97  -0.98  -0.30  -4.97 -12.13 -17.90 -22.38 -26.01
  5.382 18.997 -79.93 -79.88 -79.66 -78.93 -77.17 -74.29 -70.86 -67.50 -64.48 -61.85 -59.58 -57.57 -55.71 -53.92 -52.13 -50.27 -50.41 -51.66 -53.27 -55.56 -59.20 -66.53 -79.95 -78.72 -72.08 -62.42 -53.47 -45.16 -32.00 -28.19 -23.87 -18.45 -11.27  -2.55  -0.00  -3.31 -10.42 -16.58 -21.34 -25.14
  5.521 19.125 -80.00 -80.00 -80.00 -80.00 -80.00 -80.00 -80.00 -80.00 -80.00 -80.00 -80.00 -80.00 -80.00 -80.00 -80.00 -80.00 -80.00 -80.00 -80.00 -80.00 -80.00 -80.00 -80.00 -80.00 -80.00 -80.00 -80.00 -80.00 -33.07 -29.36 -25.23 -20.11 -13.42  -4.70  -0.00  -1.96  -8.61 -15.18 -20.23 -24.23
  5.663 19.253 -80.00 -80.00 -80.00 -80.00 -80.00 -80.00 -80.00 -80.00 -80.00 -80.00 -80.00 -80.00 -80.00 -80.00 -80.00 -80.00 -80.00 -80.00 -80.00 -80.00 -80.00 -80.00 -80.00 -80.00 -80.00 -80.00 -80.00 -80.00 -34.13 -30.51 -26.54 -21.70 -15.45  -7.11  -0.36  -1.02  -6.75 -13.68 -19.07 -23.28
  5.810 19.380 -80.00 -80.00 -80.00 -80.00 -80.00 -80.00 -80.00 -80.00 -80.00 -80.00 -80.00 -80.00 -80.00 -80.00 -80.00 -80.00 -80.00 -80.00 -80.00 -80.00 -80.00 -80.00 -80.00 -80.00 -80.00 -80.00 -80.00 -80.00 -35.20 -31.65 -27.83 -23.22 -17.35  -9.54  -1.32  -0.40  -4.91 -12.08 -17.84 -22.29
  5.960 19.508 -80.00 -80.00 -80.00 -80.00 -80.00 -80.00 -80.00 -80.00 -80.00 -80.00 -80.00 -80.00 -80.00 -80.00 -80.00 -80.00 -80.00 -80.00 -80.00 -80.00 -80.00 -80.00 -80.00 -80.00 -80.00 -80.00 -80.00 -80.00 -36.26 -32.78 -29.09 -24.68 -19.16 -11.86  -2.99   0.02  -3.24 -10.36 -16.53 -21.25
  6.114 19.635 -80.00 -80.00 -80.00 -80.00 -80.00 -80.00 -80.00 -80.00 -80.00 -80.00 -80.00 -80.00 -80.00 -80.00 -80.00 -80.00 -80.00 -80.00 -80.00 -80.00 -80.00 -80.00 -80.00 -80.00 -80.00 -80.00 -80.00 -80.00 -37.33 -33.91 -30.34 -26.11 -20.87 -14.06  -5.21   0.30  -1.90  -8.56 -15.13 -20.16
  6.271 19.762 -80.00 -80.00 -80.00 -80.00 -80.00 -80.00 -80.00 -80.00 -80.00 -80.00 -80.00 -80.00 -80.00 -80.00 -80.00 -80.00 -80.00 -80.00 -80.00 -80.00 -80.00 -80.00 -80.00 -80.00 -80.00 -80.00 -80.00 -80.00 -38.42 -35.03 -31.57 -27.50 -22.52 -16.13  -7.66   0.31  -0.95  -6.69 -13.63 -19.00
  6.433 19.890 -80.00 -80.00 -80.00 -80.00 -80.00 -80.00 -80.00 -80.00 -80.00 -80.00 -80.00 -80.00 -80.00 -80.00 -80.00 -80.00 -80.00 -80.00 -80.00 -80.00 -80.00 -80.00 -80.00 -80.00 -80.00 -80.00 -80.00 -80.00 -39.52 -36.16 -32.80 -28.87 -24.11 -18.08 -10.11  -0.30  -0.35  -4.85 -12.03 -17.78
  6.600 20.017 -80.00 -80.00 -80.00 -80.00 -80.00 -80.00 -80.00 -80.00 -80.00 -80.00 -80.00 -80.00 -80.00 -80.00 -80.00 -80.00 -80.00 -80.00 -80.00 -80.00 -80.00 -80.00 -80.00 -80.00 -80.00 -80.00 -80.00 -80.00 -40.64 -37.30 -34.03 -30.22 -25.65 -19.94 -12.46  -1.73   0.05  -3.17 -10.32 -16.47
  6.770 20.145 -80.00 -80.00 -80.00 -80.00 -80.00 -80.00 -80.00 -80.00 -80.00 -80.00 -80.00 -80.00 -80.00 -80.00 -80.00 -80.00 -80.00 -80.00 -80.00 -80.00 -80.00 -80.00 -80.00 -80.00 -80.00 -80.00 -80.00 -80.00 -41.79 -38.45 -35.26 -31.57 -27.16 -21.72 -14.69  -3.79   0.29  -1.82  -8.51 -15.08
  6.945 20.273 -80.00 -80.00 -80.00 -80.00 -80.00 -80.00 -80.00 -80.00 -80.00 -80.00 -80.00 -80.00 -80.00 -80.00 -80.00 -80.00 -80.00 -80.00 -80.00 -80.00 -80.00 -80.00 -80.00 -80.00 -80.00 -80.00 -80.00 -80.00 -42.98 -39.63 -36.51 -32.91 -28.65 -23.44 -16.80  -6.09   0.21  -0.88  -6.64 -13.59
  7.124 20.400 -80.00 -80.00 -80.00 -80.00 -80.00 -80.00 -80.00 -80.00 -80.00 -80.00 -80.00 -80.00 -80.00 -80.00 -80.00 -80.00 -80.00 -80.00 -80.00 -80.00 -80.00 -80.00 -80.00 -80.00 -80.00 -80.00 -80.00 -80.00 -44.21 -40.83 -37.78 -34.27 -30.13 -25.11 -18.81  -8.38  -0.51  -0.30  -4.78 -11.99
  7.308 20.527 -80.00 -80.00 -80.00 -80.00 -80.00 -80.00 -80.00 -80.00 -80.00 -80.00 -80.00 -80.00 -80.00 -80.00 -80.00 -80.00 -80.00 -80.00 -80.00 -80.00 -80.00 -80.00 -80.00 -80.00 -80.00 -80.00 -80.00 -80.00 -45.49 -42.07 -39.07 -35.64 -31.61 -26.75 -20.72 -10.54  -2.04   0.06  -3.09 -10.28
  7.497 20.655 -80.00 -80.00 -80.00 -80.00 -80.00 -80.00 -80.00 -80.00 -80.00 -80.00 -80.00 -80.00 -80.00 -80.00 -80.00 -80.00 -80.00 -80.00 -80.00 -80.00 -80.00 -80.00 -80.00 -80.00 -80.00 -80.00 -80.00 -80.00 -46.85 -43.35 -40.41 -37.04 -33.09 -28.37 -22.56 -12.55  -4.16   0.25  -1.73  -8.47
  7.691 20.782 -80.00 -80.00 -80.00 -80.00 -80.00 -80.00 -80.00 -80.00 -80.00 -80.00 -80.00 -80.00 -80.00 -80.00 -80.00 -80.00 -80.00 -80.00 -80.00 -80.00 -80.00 -80.00 -80.00 -80.00 -80.00 -80.00 -80.00 -80.00 -48.28 -44.69 -41.79 -38.47 -34.59 -29.97 -24.35 -14.42  -6.48   0.08  -0.81  -6.59
  7.889 20.910 -80.00 -80.00 -80.00 -80.00 -80.00 -80.00 -80.00 -80.00 -80.00 -80.00 -80.00 -80.00 -80.00 -80.00 -80.00 -80.00 -80.00 -80.00 -80.00 -80.00 -80.00 -80.00 -80.00 -80.00 -80.00 -80.00 -80.00 -80.00 -49.82 -46.09 -43.23 -39.95 -36.12 -31.58 -26.09 -16.16  -8.77  -0.76  -0.25  -4.72
  8.093 21.038 -80.00 -80.00 -80.00 -80.00 -80.00 -80.00 -80.00 -80.00 -80.00 -80.00 -80.00 -80.00 -80.00 -80.00 -80.00 -80.00 -80.00 -80.00 -80.00 -80.00 -80.00 -80.00 -80.00 -80.00 -80.00 -80.00 -80.00 -80.00 -51.48 -47.57 -44.74 -41.50 -37.70 -33.20 -27.80 -17.78 -10.94  -2.40   0.08  -3.02
  8.302 21.165 -80.00 -80.00 -80.00 -80.00 -80.00 -80.00 -80.00 -80.00 -80.00 -80.00 -80.00 -80.00 -80.00 -80.00 -80.00 -80.00 -80.00 -80.00 -80.00 -80.00 -80.00 -80.00 -80.00 -80.00 -80.00 -80.00 -80.00 -80.00 -53.31 -49.15 -46.34 -43.12 -39.33 -34.84 -29.50 -19.31 -12.95  -4.57   0.19  -1.65
  8.517 21.293 -80.00 -80.00 -80.00 -80.00 -80.00 -80.00 -80.00 -80.00 -80.00 -80.00 -80.00 -80.00 -80.00 -80.00 -80.00 -80.00 -80.00 -80.00 -80.00 -80.00 -80.00 -80.00 -80.00 -80.00 -80.00 -80.00 -80.00 -80.00 -55.36 -50.84 -48.05 -44.83 -41.03 -36.52 -31.18 -20.75 -14.83  -6.92  -0.09  -0.72
  8.737 21.420 -80.00 -80.00 -80.00 -80.00 -80.00 -80.00 -80.00 -80.00 -80.00 -80.00 -80.00 -80.00 -80.00 -80.00 -80.00 -80.00 -80.00 -80.00 -80.00 -80.00 -80.00 -80.00 -80.00 -80.00 -80.00 -80.00 -80.00 -80.00 -57.71 -52.69 -49.91 -46.67 -42.82 -38.24 -32.86 -22.13 -16.57  -9.23  -1.06  -0.19
  8.962 21.547 -80.00 -80.00 -80.00 -80.00 -80.00 -80.00 -80.00 -80.00 -80.00 -80.00 -80.00 -80.00 -80.00 -80.00 -80.00 -80.00 -80.00 -80.00 -80.00 -80.00 -80.00 -80.00 -80.00 -80.00 -80.00 -80.00 -80.00 -80.00 -60.52 -54.72 -51.94 -48.66 -44.71 -40.02 -34.53 -23.44 -18.21 -11.40  -2.80   0.07
  9.194 21.675 -80.00 -80.00 -80.00 -80.00 -80.00 -80.00 -80.00 -80.00 -80.00 -80.00 -80.00 -80.00 -80.00 -80.00 -80.00 -80.00 -80.00 -80.00 -80.00 -80.00 -80.00 -80.00 -80.00 -80.00 -80.00 -80.00 -80.00 -80.00 -64.03 -56.99 -54.20 -50.84 -46.74 -41.87 -36.21 -24.70 -19.75 -13.44  -5.03   0.10
  9.431 21.802 -80.00 -80.00 -80.00 -80.00 -80.00 -80.00 -80.00 -80.00 -80.00 -80.00 -80.00 -80.00 -80.00 -80.00 -80.00 -80.00 -80.00 -80.00 -80.00 -80.00 -80.00 -80.00 -80.00 -80.00 -80.00 -80.00 -80.00 -80.00 -68.87 -59.59 -56.76 -53.26 -48.93 -43.78 -37.87 -25.91 -21.22 -15.33  -7.40  -0.29
  9.675 21.930 -80.00 -80.00 -80.00 -80.00 -80.00 -80.00 -80.00 -80.00 -80.00 -80.00 -80.00 -80.00 -80.00 -80.00 -80.00 -80.00 -80.00 -80.00 -80.00 -80.00 -80.00 -80.00 -80.00 -80.00 -80.00 -80.00 -80.00 -80.00 -76.46 -62.63 -59.72 -56.00 -51.30 -45.75 -39.50 -27.09 -22.61 -17.10  -9.73  -1.39
  9.925 22.058 -80.00 -80.00 -80.00 -80.00 -80.00 -80.00 -80.00 -80.00 -80.00 -80.00 -80.00 -80.00 -80.00 -80.00 -80.00 -80.00 -80.00 -80.00 -80.00 -80.00 -80.00 -80.00 -80.00 -80.00 -80.00 -80.00 -80.00 -80.00 -77.71 -66.29 -63.24 -59.13 -53.85 -47.74 -41.06 -28.24 -23.95 -18.77 -11.92  -3.23
 10.181 22.185 -80.00 -80.00 -80.00 -80.00 -80.00 -80.00 -80.00 -80.00 -80.00 -80.00 -80.00 -80.00 -80.00 -80.00 -80.00 -80.00 -80.00 -80.00 -80.00 -80.00 -80.00 -80.00 -80.00 -80.00 -80.00 -80.00 -80.00 -80.00 -71.79 -70.79 -67.55 -62.75 -56.56 -49.68 -42.49 -29.36 -25.24 -20.34 -13.98  -5.52
 10.444 22.312 -80.00 -80.00 -80.00 -80.00 -80.00 -80.00 -80.00 -80.00 -80.00 -80.00 -80.00 -80.00 -80.00 -80.00 -80.00 -80.00 -80.00 -80.00 -80.00 -80.00 -80.00 -80.00 -80.00 -80.00 -80.00 -80.00 -80.00 -80.00 -68.76 -76.09 -72.81 -66.83 -59.24 -51.42 -43.67 -30.47 -26.49 -21.84 -15.90  -7.92
 10.714 22.440 -80.00 -80.00 -80.00 -80.00 -80.00 -80.00 -80.00 -80.00 -80.00 -80.00 -80.00 -80.00 -80.00 -80.00 -80.00 -80.00 -80.00 -80.00 -80.00 -80.00 -80.00 -80.00 -80.00 -80.00 -80.00 -80.00 -80.00 -80.00 -67.24 -79.68 -77.89 -70.83 -61.47 -52.71 -44.51 -31.55 -27.70 -23.28 -17.71 -10.27
 10.990 22.567 -80.00 -80.00 -80.00 -80.00 -80.00 -80.00 -80.00 -80.00 -80.00 -80.00 -80.00 -80.00 -80.00 -80.00 -80.00 -80.00 -80.00 -80.00 -80.00 -80.00 -80.00 -80.00 -80.00 -80.00 -80.00 -80.00 -80.00 -80.00 -66.71 -79.88 -79.62 -72.98 -62.54 -53.28 -44.85 -32.63 -28.89 -24.66 -19.41 -12.50
 11.274 22.695 -80.00 -80.00 -80.00 -80.00 -80.00 -80.00 -80.00 -80.00 -80.00 -80.00 -80.00 -80.00 -80.00 -80.00 -80.00 -80.00 -80.00 -80.00 -80.00 -80.00 -80.00 -80.00 -80.00 -80.00 -80.00 -80.00 -80.00 -80.00 -80.00 -80.00 -80.00 -80.00 -80.00 -80.00 -80.00 -33.69 -30.05 -26.00 -21.03 -14.58
 11.565 22.823 -80.00 -80.00 -80.00 -80.00 -80.00 -80.00 -80.00 -80.00 -80.00 -80.00 -80.00 -80.00 -80.00 -80.00 -80.00 -80.00 -80.00 -80.00 -80.00 -80.00 -80.00 -80.00 -80.00 -80.00 -80.00 -80.00 -80.00 -80.00 -80.00 -80.00 -80.00 -80.00 -80.00 -80.00 -80.00 -34.76 -31.20 -27.31 -22.58 -16.55
 11.864 22.950 -80.00 -80.00 -80.00 -80.00 -80.00 -80.00 -80.00 -80.00 -80.00 -80.00 -80.00 -80.00 -80.00 -80.00 -80.00 -80.00 -80.00 -80.00 -80.00 -80.00 -80.00 -80.00 -80.00 -80.00 -80.00 -80.00 -80.00 -80.00 -80.00 -80.00 -80.00 -80.00 -80.00 -80.00 -80.00 -35.83 -32.34 -28.59 -24.08 -18.40
 12.170 23.078 -80.00 -80.00 -80.00 -80.00 -80.00 -80.00 -80.00 -80.00 -80.00 -80.00 -80.00 -80.00 -80.00 -80.00 -80.00 -80.00 -80.00 -80.00 -80.00 -80.00 -80.00 -80.00 -80.00 -80.00 -80.00 -80.00 -80.00 -80.00 -80.00 -80.00 -80.00 -80.00 -80.00 -80.00 -80.00 -36.90 -33.47 -29.85 -25.53 -20.15
 12.485 23.205 -80.00 -80.00 -80.00 -80.00 -80.00 -80.00 -80.00 -80.00 -80.00 -80.00 -80.00 -80.00 -80.00 -80.00 -80.00 -80.00 -80.00 -80.00 -80.00 -80.00 -80.00 -80.00 -80.00 -80.00 -80.00 -80.00 -80.00 -80.00 -80.00 -80.00 -80.00 -80.00 -80.00 -80.00 -80.00 -37.98 -34.60 -31.09 -26.94 -21.83
 12.807 23.332 -80.00 -80.00 -80.00 -80.00 -80.00 -80.00 -80.00 -80.00 -80.00 -80.00 -80.00 -80.00 -80.00 -80.00 -80.00 -80.00 -80.00 -80.00 -80.00 -80.00 -80.00 -80.00 -80.00 -80.00 -80.00 -80.00 -80.00 -80.00 -80.00 -80.00 -80.00 -80.00 -80.00 -80.00 -80.00 -39.07 -35.73 -32.32 -28.32 -23.45
 13.138 23.460 -80.00 -80.00 -80.00 -80.00 -80.00 -80.00 -80.00 -80.00 -80.00 -80.00 -80.00 -80.00 -80.00 -80.00 -80.00 -80.00 -80.00 -80.00 -80.00 -80.00 -80.00 -80.00 -80.00 -80.00 -80.00 -80.00 -80.00 -80.00 -80.00 -80.00 -80.00 -80.00 -80.00 -80.00 -80.00 -40.19 -36.87 -33.56 -29.69 -25.02
 13.477 23.587 -80.00 -80.00 -80.00 -80.00 -80.00 -80.00 -80.00 -80.00 -80.00 -80.00 -80.00 -80.00 -80.00 -80.00 -80.00 -80.00 -80.00 -80.00 -80.00 -80.00 -80.00 -80.00 -80.00 -80.00 -80.00 -80.00 -80.00 -80.00 -80.00 -80.00 -80.00 -80.00 -80.00 -80.00 -80.00 -41.33 -38.03 -34.80 -31.04 -26.55
 13.825 23.715 -80.00 -80.00 -80.00 -80.00 -80.00 -80.00 -80.00 -80.00 -80.00 -80.00 -80.00 -80.00 -80.00 -80.00 -80.00 -80.00 -80.00 -80.00 -80.00 -80.00 -80.00 -80.00 -80.00 -80.00 -80.00 -80.00 -80.00 -80.00 -80.00 -80.00 -80.00 -80.00 -80.00 -80.00 -80.00 -42.51 -39.20 -36.05 -32.40 -28.06
 14.183 23.843 -80.00 -80.00 -80.00 -80.00 -80.00 -80.00 -80.00 -80.00 -80.00 -80.00 -80.00 -80.00 -80.00 -80.00 -80.00 -80.00 -80.00 -80.00 -80.00 -80.00 -80.00 -80.00 -80.00 -80.00 -80.00 -80.00 -80.00 -80.00 -80.00 -80.00 -80.00 -80.00 -80.00 -80.00 -80.00 -43.73 -40.40 -37.32 -33.76 -29.55
 14.549 23.970 -80.00 -80.00 -80.00 -80.00 -80.00 -80.00 -80.00 -80.00 -80.00 -80.00 -80.00 -80.00 -80.00 -80.00 -80.00 -80.00 -80.00 -80.00 -80.00 -80.00 -80.00 -80.00 -80.00 -80.00 -80.00 -80.00 -80.00 -80.00 -80.00 -80.00 -80.00 -80.00 -80.00 -80.00 -80.00 -44.99 -41.64 -38.61 -35.13 -31.03
 14.925 24.098 -80.00 -80.00 -80.00 -80.00 -80.00 -80.00 -80.00 -80.00 -80.00 -80.00 -80.00 -80.00 -80.00 -80.00 -80.00 -80.00 -80.00 -80.00 -80.00 -80.00 -80.00 -80.00 -80.00 -80.00 -80.00 -80.00 -80.00 -80.00 -80.00 -80.00 -80.00 -80.00 -80.00 -80.00 -80.00 -46.32 -42.91 -39.94 -36.53 -32.52
 15.310 24.225 -80.00 -80.00 -80.00 -80.00 -80.00 -80.00 -80.00 -80.00 -80.00 -80.00 -80.00 -80.00 -80.00 -80.00 -80.00 -80.00 -80.00 -80.00 -80.00 -80.00 -80.00 -80.00 -80.00 -80.00 -80.00 -80.00 -80.00 -80.00 -80.00 -80.00 -80.00 -80.00 -80.00 -80.00 -80.00 -47.72 -44.24 -41.32 -37.96 -34.03
 15.706 24.352 -80.00 -80.00 -80.00 -80.00 -80.00 -80.00 -80.00 -80.00 -80.00 -80.00 -80.00 -80.00 -80.00 -80.00 -80.00 -80.00 -80.00 -80.00 -80.00 -80.00 -80.00 -80.00 -80.00 -80.00 -80.00 -80.00 -80.00 -80.00 -80.00 -80.00 -80.00 -80.00 -80.00 -80.00 -80.00 -49.22 -45.63 -42.75 -39.44 -35.56
 16.111 24.480 -80.00 -80.00 -80.00 -80.00 -80.00 -80.00 -80.00 -80.00 -80.00 -80.00 -80.00 -80.00 -80.00 -80.00 -80.00 -80.00 -80.00 -80.00 -80.00 -80.00 -80.00 -80.00 -80.00 -80.00 -80.00 -80.00 -80.00 -80.00 -80.00 -80.00 -80.00 -80.00 -80.00 -80.00 -80.00 -50.83 -47.09 -44.25 -40.97 -37.12
 16.527 24.608 -80.00 -80.00 -80.00 -80.00 -80.00 -80.00 -80.00 -80.00 -80.00 -80.00 -80.00 -80.00 -80.00 -80.00 -80.00 -80.00 -80.00 -80.00 -80.00 -80.00 -80.00 -80.00 -80.00 -80.00 -80.00 -80.00 -80.00 -80.00 -80.00 -80.00 -80.00 -80.00 -80.00 -80.00 -80.00 -52.60 -48.65 -45.83 -42.58 -38.74
 16.954 24.735 -80.00 -80.00 -80.00 -80.00 -80.00 -80.00 -80.00 -80.00 -80.00 -80.00 -80.00 -80.00 -80.00 -80.00 -80.00 -80.00 -80.00 -80.00 -80.00 -80.00 -80.00 -80.00 -80.00 -80.00 -80.00 -80.00 -80.00 -80.00 -80.00 -80.00 -80.00 -80.00 -80.00 -80.00 -80.00 -54.56 -50.32 -47.53 -44.27 -40.43
 17.392 24.863 -80.00 -80.00 -80.00 -80.00 -80.00 -80.00 -80.00 -80.00 -80.00 -80.00 -80.00 -80.00 -80.00 -80.00 -80.00 -80.00 -80.00 -80.00 -80.00 -80.00 -80.00 -80.00 -80.00 -80.00 -80.00 -80.00 -80.00 -80.00 -80.00 -80.00 -80.00 -80.00 -80.00 -80.00 -80.00 -56.78 -52.13 -49.35 -46.08 -42.19
 17.841 24.990 -80.00 -80.00 -80.00 -80.00 -80.00 -80.00 -80.00 -80.00 -80.00 -80.00 -80.00 -80.00 -80.00 -80.00 -80.00 -80.00 -80.00 -80.00 -80.00 -80.00 -80.00 -80.00 -80.00 -80.00 -80.00 -80.00 -80.00 -80.00 -80.00 -80.00 -80.00 -80.00 -80.00 -80.00 -80.00 -59.37 -54.12 -51.35 -48.04 -44.06
 18.302 25.117 -80.00 -80.00 -80.00 -80.00 -80.00 -80.00 -80.00 -80.00 -80.00 -80.00 -80.00 -80.00 -80.00 -80.00 -80.00 -80.00 -80.00 -80.00 -80.00 -80.00 -80.00 -80.00 -80.00 -80.00 -80.00 -80.00 -80.00 -80.00 -80.00 -80.00 -80.00 -80.00 -80.00 -80.00 -80.00 -62.55 -56.34 -53.56 -50.17 -46.06
 18.775 25.245 -80.00 -80.00 -80.00 -80.00 -80.00 -80.00 -80.00 -80.00 -80.00 -80.00 -80.00 -80.00 -80.00 -80.00 -80.00 -80.00 -80.00 -80.00 -80.00 -80.00 -80.00 -80.00 -80.00 -80.00 -80.00 -80.00 -80.00 -80.00 -80.00 -80.00 -80.00 -80.00 -80.00 -80.00 -80.00 -66.70 -58.85 -56.05 -52.53 -48.20
 19.260 25.372 -80.00 -80.00 -80.00 -80.00 -80.00 -80.00 -80.00 -80.00 -80.00 -80.00 -80.00 -80.00 -80.00 -80.00 -80.00 -80.00 -80.00 -80.00 -80.00 -80.00 -80.00 -80.00 -80.00 -80.00 -80.00 -80.00 -80.00 -80.00 -80.00 -80.00 -80.00 -80.00 -80.00 -80.00 -80.00 -72.82 -61.78 -58.92 -55.19 -50.50
 19.757 25.500 -80.00 -80.00 -80.00 -80.00 -80.00 -80.00 -80.00 -80.00 -80.00 -80.00 -80.00 -80.00 -80.00 -80.00 -80.00 -80.00 -80.00 -80.00 -80.00 -80.00 -80.00 -80.00 -80.00 -80.00 -80.00 -80.00 -80.00 -80.00 -80.00 -80.00 -80.00 -80.00 -80.00 -80.00 -80.00 -79.95 -65.26 -62.31 -58.21 -52.99
